Difficult
2
13
MainChar
780
550
3
1
MapObject
127
128
114
113
Guard
19
19
9
12
2400
11495
15228
0
4
Guard
11
11
5
9
3200
11495
15228
0
4
Guard
3
6
2
2
2400
11495
15228
3
4
Guard
2
2
15
9
4800
11495
15228
0
4
Guard
9
15
1
1
4800
11495
15228
1
4
Guard
19
23
1
1
3200
11495
15228
3
4
Boss
659
311
4
Boss
821
309
4
Boss
399
269
4
Boss
581
570
4
Bullet
1
823
550
7 7 7 4 7 7 7 7 7 7 7 7 7 7 7 7 7 7 7 7 7 7 7 7 7 7 7 7 7 7 
7 1 1 0 1 1 0 5 1 0 5 0 0 0 0 0 1 1 1 5 0 5 0 0 1 1 1 0 1 7 
7 1 1 0 0 0 0 1 6 0 1 1 5 1 1 5 1 1 6 0 1 1 1 0 0 0 0 0 0 7 
7 0 0 0 1 1 0 1 1 1 1 0 0 0 1 5 5 0 1 1 5 0 0 0 1 1 1 0 1 7 
7 0 1 1 1 0 5 1 0 0 20 1 1 1 1 0 1 0 1 0 5 1 1 1 1 6 1 0 1 7 
7 5 0 1 0 1 1 1 0 1 1 0 5 5 5 5 1 0 1 0 1 1 0 0 0 0 0 0 1 7 
7 1 5 1 5 0 5 1 0 0 0 0 1 0 1 0 1 0 0 0 1 1 5 1 0 1 0 1 1 7 
7 1 0 0 1 5 1 1 1 0 1 0 1 1 0 5 1 1 1 5 1 0 5 1 1 1 0 0 5 7 
7 1 1 0 0 0 5 0 5 1 1 0 1 5 0 1 20 0 0 1 1 0 1 5 0 0 1 1 0 7 
7 1 0 1 1 0 1 1 5 1 0 5 1 0 1 1 1 1 5 5 1 0 1 0 1 5 1 1 0 7 
7 6 0 1 0 0 0 0 0 1 0 1 1 0 0 0 0 0 1 0 1 0 0 5 1 0 0 0 0 7 
7 1 0 1 0 1 1 1 1 1 0 0 5 1 1 1 1 0 1 0 1 1 1 1 1 1 5 1 1 7 
7 1 0 1 5 0 0 5 0 0 5 1 0 1 1 1 1 0 1 0 0 5 5 6 1 1 0 1 1 7 
7 0 0 1 1 0 1 1 5 1 1 0 0 1 0 0 5 0 1 0 1 1 1 1 1 1 0 1 6 7 
7 1 0 1 1 0 0 1 0 0 0 1 0 21 0 1 1 1 1 0 0 0 0 0 21 0 0 1 0 7 
7 0 0 1 1 1 0 1 1 1 1 1 0 1 0 0 0 1 1 0 1 1 1 1 1 1 1 1 5 7 
7 5 1 1 5 5 5 0 0 5 0 0 0 1 0 1 0 6 1 5 0 1 0 1 1 0 0 0 0 7 
7 0 0 5 5 1 0 1 1 1 1 1 0 1 0 1 0 1 1 1 0 0 5 5 0 0 1 1 1 7 
7 1 1 1 0 1 5 1 0 5 5 0 5 0 1 1 0 6 1 0 0 1 5 1 1 0 5 0 1 7 
7 7 7 7 7 7 7 7 7 7 7 7 7 7 7 7 7 7 7 7 3 7 7 7 7 7 7 7 7 7 
